d
11 29 65537
227
44373
61820
28542
25178
35224
24596
1617
63838
22579
9880
49496
20718
24710
63012
31057
31566
43017
59158
6677
1558
31532
62689
26064
51861
45367
30592
16304
27175
27934
16578
3485
30478
14303
2399
50964
23641
34851
31371
34531
53478
35497
24466
23664
40141
26575
60748
61274
36137
41861
48191
10782
57335
60723
62709
5763
56490
22011
14863
30206
2123
54538
34889
4684
53873
51784
58408
1470
56221
40283
56734
58431
52704
45645
39313
6483
13404
63058
61270
47925
25949
13213
30085
54714
59378
173
5866
9106
47393
46249
47064
25345
12321
41577
41762
17630
9176
22060
1644
56652
4850
60730
7661
56437
27545
6135
18471
4971
26358
60011
38526
35657
30968
59781
25564
64059
10883
43709
9705
6101
46473
57669
60793
56195
60188
59127
37091
28227
44068
42263
59960
10939
3823
62482
33105
16245
17751
51041
9206
13998
50111
44298
27712
60949
14505
52398
62513
10675
43776
50033
21316
22093
37199
7374
23176
24380
5249
25360
62034
30758
20560
18902
27985
58632
35749
11557
38030
23196
23964
13243
20255
24602
16861
21667
15588
4080
14683
43766
53089
34382
13385
6810
51397
1717
34499
36862
54259
11863
60007
31680
57663
33916
37167
33063
58160
42267
55301
35953
13550
16976
25546
38659
36991
65014
55316
9203
15831
9554
50952
30463
19080
23393
4181
60803
47303
49604
38709
18768
17827
7287
23487
12806
63853
3804
32434
28591
36402
21322
8054
43543
29148
26460
38358
26313
39196
24747
34045
2554
18404
43945
39235
60983
45681
45943
20441
55221
43410
57848
4323
12696
40463
46885
36319
5963
58390
26086
62111
7546
17249
33576
59070
39087
13651
18237
20423
15092
22479
51280
18819
3852
25868
21978
50528
16713
43119
54919
48834
59765
46262
23809
63782
19541
64536
55858
37667
62724
47448
60912
47593
62279
22043
50148
573
32368
29007
17197
60767
41594
11575
15986
33442
38632
5989
25734
61331
21085
36649
28895
32284
22909
1133
41603
35193
31615
10624
17652
24777
4831
5523
56936
52461
52184
28743
55732
28242
45581
4968
3531
60525
11060
21054
61301
18919
57849
7418
35338
42247
58195
63287
58084
34699
38451
8613
32810
53483
55448
11666
53800
49191
47565
21341
28489
4053
44825
58012
28555
25451
43918
57374
13255
14519
34208
22118
35511
25964
20326
31765
60575
27218
38825
29044
64155
16182
28246
55839
8716
35319
44248
63047
59495
58995
56378
58341
29328
10930
28265
29314
23032
2672
34924
61199
16764
26306
10331
54602
52914
7377
49343
12993
17671
13173
56767
31196
4762
60619
57830
45796
45492
49515
26593
16775
35930
58545
46303
61952
18568
55247
12842
13409
54129
14511
1
39796
16181
39074
17075
25152
33148
58139
49693
22357
3348
64374
12107
48561
50663
35682
2033
42818
44375
38633
60826
16286
9697
1467
9736
57090
58886
2325
30975
38343
38650
23343
1118
15253
26912
29586
44899
43929
60749
52306
16755
11747
61533
2620
20786
32975
38132
34303
32309
64460
37679
48824
5543
43474
32629
7175
55603
50773
37748
32926
38506
12944
60736
63288
58251
62011
170
21567
34611
26494
5498
37802
40295
52021
748
1569
14064
10163
48105
58699
6615
26106
31976
28935
22493
15304
7204
48217
50500
1151
29817
57877
59014
63737
36655
20309
36921
46470
32305
33722
63545
43195
45041
42524
8174
30720
25220
16838
50802
25246
54579
24625
6699
56633
39271
49435
40984
29691
54312
35101
14169
37423
2222
34924
49485
25602
6366
10644
13894
62803
18905
41489
13206
55589
47253
31619
28967
56668
42282
46500
32656
57582
15695
50432
60667
29129
35139
45048
58486
31151
38765
1321
17869
15411
60298
23526
29715
30814
60604
40078
61558
36195
54490
17613
26719
20257
15969
7073
2947
44457
63716
64084
41846
25934
12842
43778
19216
38517
10727
63463
48111
21481
27779
12933
52585
21559
17044
7446
40180
6949
58735
40286
58521
33366
39032
60411
29053
52947
14915
3343
53108
43905
63706
58856
55767
29586
15580
62812
35253
3795
16929
58527
16236
35357
9416
49851
35937
6944
28745
9241
40832
22115
59880
34907
65245
10411
20686
1051
31244
48578
7444
9832
45100
38274
20864
29219
36753
59512
58260
18159
49256
62102
30045
35456
16875
62504
57039
52197
40922
29933
12466
4715
9309
14156
57877
8329
22333
44951
50702
32669
56041
52661
38085
16036
36302
22844
19995
36962
51656
21791
55336
7346
20229
54593
63114
431
34472
43081
9141
26556
55519
64640
22948
40302
20252
13812
57692
42095
5405
17192
30562
57007
7791
23839
5148
42710
19637
22168
41836
26153
40094
42005
62395
52991
29293
7375
51034
33504
32612
30741
40964
56578
29686
6476
53140
4023
11739
42595
26268
11495
229
60787
11991
21334
18328
55517
14093
63948
1475
62994
50721
60039
38067
3710
13754
33541
26038
57634
49510
46813
10014
25628
12351
37942
39386
64975
35315
22897
38801
27680
58404
23032
36951
13072
10665
38964
48690
21570
38097
64112
56539
59912
64138
44046
39501
43673
29522
59359
2672
47579
8756
39175
26355
27622
53855
44427
7623
41295
27552
52173
13553
16020
46761
420
29250
59653
55977
49985
20280
58948
53380
61440
48026
2053
43227
52246
64646
34408
59950
45193
13767
30151
19806
64739
25977
10309
65321
27879
45698
46130
23187
8473
8579
29748
30506
36495
44221
57118
26590
21177
48405
20594
27074
48877
8411
52795
12514
48749
24230
23548
20473
22961
17550
27937
13163
43696
5810
1655
33472
7846
21590
25723
18705
48205
18867
2807
25402
60431
60050
17817
61243
29214
33096
33163
29997
64428
30904
20670
45676
42757
50935
3033
20470
34878
57252
14694
14169
35823
40878
63756
24807
16658
46130
1601
51679
39184
12162
38473
63506
11854
2160
9598
22239
22424
64192
35813
45093
44028
51254
19986
32488
46710
37264
10985
61655
21472
34100
18502
58552
61647
44587
36095
27465
51623
42093
64245
63644
51973
34630
50655
59476
40039
22937
52117
50228
53942
15287
46823
58682
61307
57465
53582
43363
41990
58404
36803
53499
30940
32049
50770
22326
60531
57991
9249
49370
12397
18010
43798
59859
3376
7563
22569
4674
29540
54920
31593
26492
42405
12407
59645
18144
16738
34384
49586
14756
33016
25645
4411
65109
9435
44588
52367
39085
12975
43570
24916
49980
57971
54179
48864
4556
58983
60396
51804
18461
46814
831
30182
31836
53054
